557059
491525
557067
196623
163858
131093
294934
98326
98325
294937
360475
262171
131101
294942
131107
491556
458790
360487
557101
327726
229427
131126
131127
262201
327738
458810
393277
196672
32832
196676
360517
65612
393292
360528
557137
327769
426075
360540
426077
557150
262239
295015
426088
458862
458879
32901
32906
524431
144
491666
163991
360600
154
426143
327841
393379
557220
524453
458918
229544
458921
393386
557227
360617
229552
32949
491701
458935
557239
426166
393412
557252
201
393421
458960
524502
557272
491737
32986
360673
229603
131300
491755
65773
33006
295154
524531
360693
98549
524535
164091
557308
164094
360706
393478
262407
491784
229647
557329
229653
360725
196900
131366
229678
393523
459064
312
322
360772
491845
524627
557396
459093
491873
524645
65901
459117
164208
196977
524661
524662
65916
164222
262528
131460
426372
229765
524679
557447
328069
394
393617
404
426388
524694
33177
524702
393630
426400
295328
33189
65961
491947
459182
557490
98739
426420
131509
426422
328119
491958
426429
229821
360896
393664
229827
459203
557510
524742
360902
295370
197068
426445
66005
491989
131547
426470
262631
524775
360943
557552
33272
492025
164346
229884
164348
492040
459272
229896
426510
360975
262670
492057
426523
164381
229919
393760
295461
66085
393768
426538
33323
197163
229935
562
426548
98881
361029
492107
557648
524887
262756
229990
492137
393838
557679
393840
361073
262770
524916
557685
557686
197243
361085
524927
393857
557698
492163
230020
393858
459396
131714
33417
492171
393869
131731
98965
492183
524954
230046
492196
492198
426664
524977
361142
66231
426687
524992
99010
426690
66246
459463
131784
426700
262861
197330
525012
33494
731
230109
459487
66283
328427
131832
131833
99066
557824
525058
262917
295686
426762
197388
394002
459543
426777
197401
33567
557856
426795
525101
33581
295728
164657
394036
164667
557884
492349
197437
492352
394050
394058
459598
230224
557907
426840
230232
99162
99165
492382
33634
525155
426852
557923
263014
99180
525169
33649
295798
492407
66423
525180
361341
426877
263036
525187
492420
197507
66444
361376
525218
557987
361386
492469
394175
426947
426948
361417
33743
66514
492506
99295
33761
459749
525286
426985
459757
558066
164850
99314
394229
558073
361469
427007
361472
492548
33799
263178
525322
459786
427034
558107
492572
328730
427040
525344
394275
492580
459819
394283
558127
459825
164918
492605
492606
132165
99398
132170
394326
394330
459879
492647
164969
525420
263276
427120
558194
492659
394359
361592
230522
459898
361601
66691
525450
263311
459921
66708
230548
361621
361623
492692
492698
263323
558235
459933
427163
492705
132258
296099
361638
230570
99498
165036
459959
328888
99511
427193
263355
1216
394436
165063
33995
459987
361685
1237
230616
328921
394458
197850
394460
361693
525533
296159
296161
197859
361700
492774
427238
525542
132329
492785
394483
1271
492805
165126
460040
361739
99597
525589
394517
525600
394535
558378
1323
427306
361773
361778
329011
329012
165172
394550
263482
394554
99647
525633
263493
427341
525646
1360
361811
558421
460126
525665
525668
492905
460139
460143
492911
165232
66930
394611
34164
460149
427386
492924
361858
34183
492937
460183
1436
361888
132516
263589
34212
296360
492968
34223
460208
361905
198064
558524
198079
361923
99785
361930
558539
427471
525779
558555
361947
460254
329191
198120
558576
198137
460290
99844
263685
132612
263687
296455
67077
67082
493074
558611
198164
34333
165410
67106
132646
362023
558633
525865
67114
67117
493102
558640
558641
99892
99893
394806
67127
165433
493117
132669
263744
525891
99913
558673
427603
362067
460373
525908
329304
460378
460379
1626
99933
427613
493161
34415
198255
231028
460407
427643
296573
427649
198277
329350
329351
362118
231052
427662
362127
460430
427666
362130
558741
165531
558748
362140
67230
394909
34471
460460
67246
100014
231088
362166
165559
493252
526028
362189
460494
526029
296657
427732
231126
460505
394970
526044
231134
394975
100064
493286
362218
493295
460533
296693
296696
132857
34557
1790
67331
558851
427779
427782
198406
493316
526089
526098
427800
100124
329503
395039
362278
395046
395050
526133
362293
296763
526143
395083
165707
362319
493395
198486
427865
34657
395113
67438
493424
231280
395124
460661
198524
362365
427901
34689
329602
67462
1926
165766
460683
34702
558992
526225
1943
329629
100253
198561
395170
1958
67496
427946
67502
526256
165818
493500
427965
493503
460737
395216
493526
2007
231387
264158
165855
231393
362469
67560
100331
362480
362482
395259
559099
198653
526337
362499
526341
428041
559113
296978
329756
493597
460830
493601
2083
526371
165927
2089
264236
493613
198705
395314
198706
526392
2106
428091
395324
67644
264255
362561
67655
526414
67663
231502
395343
526419
428116
526425
428125
428126
165984
2148
2150
460903
67697
395378
460916
428149
559221
526467
198788
395397
428168
428175
493717
2197
34973
67742
362659
493732
559267
559270
264363
460972
362668
133295
231601
493751
493753
2240
297157
493773
461007
297175
461016
35033
329948
35037
297182
297180
461024
526560
100579
166124
493805
395520
559366
395531
362764
493841
559382
362785
166179
100647
231732
526645
461110
395575
166200
330037
100661
493883
264511
35145
133462
166233
297308
166236
395614
2400
461156
133482
395627
526701
526706
461172
526713
559483
395644
330110
559486
526732
166296
526751
526756
330164
395703
264636
100798
428486
526793
559565
428495
297426
395742
68063
330208
297440
199136
428518
395752
297465
264697
264709
494085
494090
428554
428562
133650
461333
363031
428580
68136
395817
133672
363048
330284
2606
461361
428599
133693
494144
559682
461378
395849
395853
461404
264797
526940
461410
199268
166503
526956
494190
68206
2672
363126
526972
68223
559754
363146
68235
526987
363160
133788
35485
133791
461480
232114
264884
68283
2752
527040
428739
428740
395973
461510
363207
559821
133839
363217
2770
330451
461522
527064
363224
559838
527073
264930
101094
396010
428780
428786
35573
461560
559865
527098
35580
461573
264969
363276
494351
264976
133905
330516
133912
232218
330524
559902
330532
428837
101157
232231
297764
199469
494383
428847
133937
166706
494391
428856
461628
265023
2881
265036
330572
330573
559955
232279
35672
494427
68445
166750
101215
396137
232302
428912
297843
330611
559992
297851
559995
101245
35711
2951
134034
2964
101270
330652
2988
199598
428975
68532
428985
3003
35774
68546
428995
297929
199628
134100
232410
396252
363486
494568
330729
461802
527337
297964
429038
560111
396274
560119
494584
461819
297984
429059
527364
166926
461838
68625
330770
3093
560153
494622
429092
363560
199721
494637
560173
68656
298034
494642
560180
363574
330808
429113
429116
68685
494671
461908
363605
494679
494680
461917
265315
101476
3178
265331
461940
560256
167042
363654
560266
199819
461967
527504
167057
199826
232597
429207
101530
494747
68764
298141
199835
494751
3234
494759
560298
232618
36012
396461
527535
3249
36022
462006
36028
527557
298182
363719
3272
396494
462037
560355
560358
265447
462057
232684
68857
68860
232701
429309
101632
363784
527628
527631
363793
199956
429335
462105
396572
396581
101675
494891
560427
462129
68914
560437
101686
429366
331074
167234
36166
527691
167245
560466
560470
429399
560474
429407
265573
363880
101738
363887
494970
396673
363919
527759
396691
429460
462238
462244
363942
527783
200103
167337
363956
232886
3511
167352
429497
3514
134589
101822
167359
3518
200133
462292
69081
298458
429530
331229
396768
429539
527845
101863
560615
364010
396779
495088
331249
298481
298483
265715
331250
429558
364016
560629
462329
134650
36341
560644
560646
167431
101895
462342
200202
495116
495124
495125
429593
331291
560675
560683
560685
364082
462386
331324
462401
265796
396871
429644
298573
233039
560726
364133
265831
167528
331370
233075
134772
200311
36473
527994
265851
527995
36482
396932
429705
200343
167577
134825
102059
364206
528049
167602
265908
233143
495291
265916
36544
364228
167622
397010
36563
560851
69346
462565
69350
495334
364266
560880
331505
397044
495349
134902
36598
495357
265982
528127
331520
36606
560893
331524
69383
331530
364299
397069
560909
364303
69393
397075
331544
495388
331551
36639
528161
266029
397101
462643
200500
397109
560948
233272
429892
364359
560969
331594
134986
364364
397135
495448
397151
135010
266083
200548
560997
528232
561004
200560
561009
429946
135041
528257
561027
495491
528261
495489
102281
36745
364429
495502
561037
528275
364437
3992
561050
331676
364444
233376
298913
233379
561062
233384
364458
200619
135086
462767
495541
364470
462785
397253
135113
102353
397268
102367
430056
364521
135149
567432
331759
430065
397303
495613
430079
200703
528386
364549
397322
430092
364557
397327
430096
528404
69654
462880
364580
102437
364582
299050
364587
462890
561196
102447
528432
364592
430142
168001
266310
233543
233553
168020
397403
331868
200796
69729
135270
561256
462953
528496
69745
299122
4208
495732
430193
561270
36981
299123
168060
299134
135303
69768
495752
364683
397454
69777
4244
462997
364698
364699
463004
528541
430238
37024
397475
233642
561323
495786
397483
430257
266418
495797
364725
561335
102589
528575
430273
528578
463044
528583
397512
397514
528587
233677
168141
397518
430286
463055
102620
463070
4319
135392
233706
495850
168173
168175
561393
168178
200952
299259
430335
37123
463108
561411
430343
200978
168217
463134
397599
135459
69923
201000
430380
37165
69934
364850
430391
430395
430396
364860
299326
266562
528712
135497
37198
233808
168274
364884
364885
528731
102754
495973
299371
528748
495984
495985
495988
299380
364919
37244
463232
561545
4490
233873
168338
233877
135576
430493
397734
528811
463284
528821
496053
430521
561599
430533
463303
299466
4554
397772
37326
201168
496081
365013
430551
4571
496093
528862
299488
528866
4579
201188
528870
332270
528882
233970
168434
397815
201209
397824
168453
168454
430597
102923
561677
70158
70164
234006
561692
201246
168480
201260
332333
561715
168500
201273
365116
430654
201278
332352
561731
463430
397894
102987
4684
135759
365138
201299
365140
430677
561750
365139
528980
561756
4705
299618
37477
529004
365170
70258
332405
430710
430711
103030
299647
168583
496264
332427
496274
332434
365205
365206
201372
397980
529056
463522
430760
529065
430762
234162
365236
299712
70339
430788
135878
266951
201417
168650
332512
561891
365284
463591
234217
70380
529133
103158
365305
365309
234239
430850
561923
561928
267022
234255
332562
561938
234274
299811
529188
267042
332578
463655
398119
496424
430889
267048
561967
103219
234293
168758
463670
496439
398139
561979
103231
529215
168769
103236
332614
365385
234319
103252
70491
398177
529256
529266
234357
398209
529283
562054
463751
398220
103318
562071
299933
431008
201640
496552
201644
332723
201655
398270
529344
332740
529348
299974
70600
365517
267216
234452
431060
103386
562139
398301
37854
463839
365536
529376
529379
365540
5094
562155
267256
562171
398331
168963
529411
463876
398339
463883
398349
300047
562205
398367
562207
168992
431139
332836
300072
37931
529457
365618
332852
365626
431165
234577
463953
398419
431194
300123
431199
5215
463969
300138
496752
103539
300147
463989
398454
103547
431234
136323
529539
38022
365703
5256
300169
103558
365707
136338
464018
562325
103575
267416
103580
169116
398494
234653
562345
398507
201903
398519
103613
267454
398527
201929
496845
562382
70865
431323
300260
267498
267502
267504
136433
300276
38134
333048
365819
496897
464130
529671
431376
365841
202004
464150
398623
267552
103720
431401
333098
333102
5435
365888
70983
431431
562507
464207
300375
136540
38241
333157
300392
300396
365934
398702
529774
169330
464248
431481
5500
103804
562558
267653
398726
497035
202128
300441
497049
562589
464286
365983
333216
562595
431523
267684
38310
202168
333241
267708
464317
529860
267719
497096
103881
202186
366025
431570
464339
431573
562645
366040
497117
333280
5600
202228
562677
497145
300538
431628
497172
366104
169499
333355
529963
562735
71224
431675
136764
529981
333371
464462
104015
366162
202328
431707
333407
71265
431715
366179
235110
398952
530033
169589
530040
5757
431746
464515
562830
366225
38546
5782
235163
235168
562849
169634
431779
104098
530086
562856
235177
71339
366256
366264
202431
104127
300738
104130
5830
136905
169679
71376
366290
464602
136928
136929
530146
530154
333550
431855
71409
530163
333555
464630
464633
366330
104188
333565
399102
136962
169732
431876
464650
202507
300814
333583
136983
5913
431901
497439
136993
497441
497443
399138
366373
268072
530220
399154
169779
202548
562999
333626
5947
38722
530242
530248
464715
497484
71502
300882
71507
333653
530261
300887
202587
497500
169820
268124
497501
300896
563040
71521
563048
530282
5994
268141
202609
38771
169845
169854
432000
202629
432016
235410
464787
169878
137110
366493
497568
38816
235429
432037
268197
464809
399274
38827
366508
432053
235446
530367
497600
399296
366536
268239
530383
563155
497626
169947
530407
497642
268266
38896
432120
497661
235522
104454
202767
399377
333845
432150
530457
399392
104482
71716
366630
333863
366643
170045
563261
104510
497731
530500
202832
366677
235609
301148
497759
432226
497768
235624
432233
366704
497777
399476
6263
497791
39040
235652
563337
497801
563340
137362
71828
366740
530583
301207
39065
39067
399516
366753
104610
235683
399532
465074
399538
432309
399542
399547
170173
465092
530629
71879
366792
465095
432332
497870
399567
202960
497873
432334
530645
202966
366810
530652
432349
268510
563424
71907
268516
202981
366830
563455
334080
497928
465163
170253
104718
235790
334098
6422
6426
203035
71964
432410
432414
334109
104747
366897
104756
71989
530743
203063
334135
235842
72004
497989
465229
563535
530772
563541
104792
6488
563559
39272
203112
432488
104811
334185
104814
6512
104817
465266
432500
301431
563578
399741
366975
235906
498081
268711
203179
399791
235953
432569
170428
235964
72126
399809
268737
268739
432583
563656
399818
563659
203216
530901
301527
530903
432607
432619
170476
268781
39405
498165
268798
268804
137734
39434
137745
6673
563731
498196
399893
301591
367128
72216
301602
203299
334373
498218
137777
399921
498228
6710
531000
6715
367164
334400
399942
72266
531018
268876
137806
531023
137808
170579
367188
399957
465495
105047
137826
498274
498280
137833
399984
563827
268921
498297
236155
203388
39556
531076
268938
334477
531086
236174
6800
531093
105110
334491
367259
432798
498339
432805
236198
531115
105134
203440
400052
531126
465591
137918
72382
432832
105152
563909
531144
137931
269004
498381
367310
498383
400080
367313
563926
203479
301783
367321
563927
400091
432859
334555
203486
498400
367329
72421
203497
236268
465647
137970
269045
531189
6906
432892
465664
400134
137995
432909
39697
334609
334614
334616
400152
236312
498460
39708
465695
498463
400161
531234
170788
367398
334631
301867
236336
334642
531253
367418
432956
301888
105280
531266
465734
367433
236370
236375
531289
564058
367449
301916
367452
334686
236381
498529
465765
531316
72565
236406
301943
105339
531324
7035
498563
170885
531334
7048
531337
72592
400275
465814
334743
269206
203671
334746
72605
465825
531362
531366
400299
203692
564142
7090
269234
433075
72629
269235
400313
334779
7104
564162
236486
334798
400336
498649
498651
367579
531423
367584
170980
465893
465892
39913
498666
170990
400367
465906
302071
531450
367619
564232
171026
498706
400405
498716
334884
433192
39976
400430
269360
236592
367666
269366
7224
39993
531512
105531
236604
269380
498759
433224
433225
498765
564301
7247
236626
171090
302168
334938
433243
367710
171103
138342
400487
302185
531563
105580
367724
40055
498809
433277
367743
105600
40065
236673
466054
203920
400528
531602
40083
367763
269462
531607
400547
531622
105640
498857
400554
400560
466097
335027
269493
335033
400571
400573
335039
40129
564418
269508
335045
7367
72905
531658
138456
466137
367836
269532
433374
335072
236769
564451
367843
498919
433387
433389
367853
335087
335085
531697
335092
269557
498938
335099
72955
531710
335103
7424
564483
302343
335119
302353
400658
204052
531735
171287
40219
367900
171297
367907
72995
498988
498994
171315
7476
171317
171328
171335
531784
499024
367969
171363
400740
367977
138604
236914
138621
564611
7559
236936
531852
236941
335249
302481
40338
105877
335255
40348
466332
499104
466339
171430
564646
368038
466346
7601
499122
499134
204225
564676
564680
138699
171467
400847
433616
564687
335316
335318
531928
7642
564699
171484
335326
400862
368096
7650
40418
433637
531948
466416
73201
466422
73209
335357
531967
73215
564739
40455
237064
7690
400907
433676
7697
335380
138772
466456
73244
400926
531998
532007
237098
7722
433714
335411
400950
138807
204345
237118
73278
171585
499266
466499
400966
7758
564816
106072
400985
368218
400994
466531
466533
466536
7787
401010
335477
532085
204407
368248
40572
204420
237192
204424
138891
466575
237207
138910
532126
466596
466597
499365
335529
368302
564911
564912
40625
466615
499388
466621
499393
204489
73417
368335
401109
401112
73434
466652
401124
237286
466671
433904
40689
368371
106228
7931
302845
564990
73470
139009
40708
401163
401167
368402
40723
499480
106269
171806
499486
532253
532260
565034
433968
368435
40757
106315
401232
401235
434004
302932
270166
565081
368474
106331
499552
139105
434022
368490
466800
532338
434035
335733
8053
73591
532342
270211
499588
270215
335758
106383
139152
466838
499615
401313
499618
303012
40870
532390
434089
499634
499639
565186
335810
40901
368581
303047
73671
466890
499662
434129
368603
303076
335851
565227
434156
237550
335855
532463
466939
565245
237566
8193
532482
204806
368648
139275
335887
565264
434192
270351
8211
532504
401434
401435
40987
532509
401446
368679
532525
434221
270388
41018
499771
237628
270402
499779
368706
139333
434247
106567
172105
532555
368717
565331
434263
467031
499801
237658
532571
565341
73823
434279
8300
73843
204919
237689
499835
41087
8320
335999
532610
401539
467081
467082
172171
8332
532620
401550
41103
401552
401553
41104
237716
434328
467096
499866
204969
73897
368811
139440
270524
532671
499903
532673
237762
434371
467142
565447
205000
336075
368844
205007
499922
565459
467157
336088
139482
434394
270558
205023
467180
368884
8439
73981
467198
139523
303367
499978
73996
41233
74002
532753
237841
532759
237851
532766
237860
532775
401705
565546
532779
270639
74032
500018
467252
41279
467265
565572
303431
434513
74069
434519
500058
106843
500062
401759
565600
467297
139618
237923
41319
467311
401778
500084
467318
565637
565641
336267
565650
8595
303507
434581
237976
401820
500130
237988
237990
565670
401831
106920
41389
8629
139702
369082
434618
41404
336320
74179
369093
500165
434634
8657
336340
500190
336353
205282
74211
139748
8676
401897
565740
500211
336372
369140
532985
270846
434689
532994
434693
532998
467467
533004
172556
369167
205334
238114
434723
172582
8747
336427
565805
434735
303668
172597
401977
401981
205380
8773
401991
336464
8786
402004
74335
369249
434786
500324
369256
139883
172654
500335
139889
533107
402042
172669
107138
8836
500356
172680
533129
467594
107147
369296
205460
336532
107156
402073
74403
500389
500390
107176
565929
74411
434867
369331
369333
369338
107197
402113
139971
500420
402123
369357
172751
336593
467675
205533
434915
533222
271079
565996
336621
8944
140017
434930
41713
336628
566012
500477
566016
172800
238336
74502
434951
533255
566026
140042
271116
566038
41753
566042
74524
205601
533281
8999
336682
41770
369452
402219
434990
434991
434996
41785
303937
140100
74572
140108
402264
41818
435037
336735
107362
500583
41832
369512
74601
9069
566128
566135
172925
402308
500613
369541
467848
566159
271254
435096
566174
402334
533408
107428
9127
304040
566189
172974
566193
41908
402357
500663
500664
369593
369594
402362
304065
402373
271301
500677
369609
336843
304079
41938
140243
74711
173019
369633
238562
205794
369637
140263
402407
533485
500718
467951
271343
467956
271351
107511
566276
566278
41993
566282
173073
467988
140308
467990
271395
435240
271401
74794
402473
205875
140340
468022
271416
140352
140360
74825
74828
402514
500818
533589
402519
468055
500825
500829
369757
566368
435299
107620
304236
435309
107630
205934
173166
533619
337011
468086
402559
435328
173184
435334
500871
402570
337035
205964
369811
74901
369820
468124
402590
435359
238748
74913
337062
74924
238768
206001
533688
107705
369849
435389
107716
304332
402639
271568
500945
566482
468182
271574
271576
500952
468193
566502
107751
107753
468202
271595
402668
42222
500977
337139
435444
533750
500982
468214
402683
435452
238843
566529
501002
566538
337164
435475
140563
402711
533784
271641
75032
337180
402720
337185
140577
501029
271654
238887
566568
501038
75055
501039
468280
107836
369982
533826
238915
173379
107846
75084
369998
173400
402788
75114
370029
402798
238960
337264
337269
140664
468345
107900
435583
501122
468363
140690
9620
566687
501153
402855
402858
271789
9647
42418
370103
140730
206279
42441
107977
370123
239052
435665
435671
533978
304603
402909
75230
304608
370149
304614
533998
42482
304627
370170
501243
42493
239114
173579
402957
271890
140821
42519
402967
468508
534045
370208
42529
370210
75299
402980
337446
435750
206377
9771
370224
337458
566835
435764
206387
370229
304698
468541
206397
140867
435783
501323
271949
42578
173652
435803
9822
435807
75362
304749
534130
337525
173688
403065
304765
501377
534151
566920
337551
468626
534162
42644
337561
337563
370337
534178
534183
272040
9904
435894
370363
173760
42690
435909
370375
403144
435913
42696
108238
370383
42705
108243
566998
173783
567000
304864
108259
42725
370417
239347
272117
304887
501502
337663
9983
337666
239365
141063
173833
370444
567053
567055
337682
501523
435990
435994
108314
403231
206628
534308
141095
173865
468778
206636
436014
370479
403250
534331
436044
534349
206670
75603
337748
239448
403295
239457
42860
534384
42865
108407
567161
305019
468866
468867
567171
403333
534412
534419
567189
337814
337815
567198
370591
436130
108451
370596
141224
337833
173994
534444
173997
239536
75696
337843
370613
337857
501700
436164
403398
141257
436174
370638
567253
10205
403421
403424
468960
239586
501739
239596
10222
370677
10230
108536
534521
43001
468993
43011
108556
108566
75802
501790
75811
108582
337962
469035
370739
174137
370749
10303
403521
337987
403525
436295
141386
501835
305227
370765
10319
469075
206932
567383
10327
436315
305247
272480
10337
141414
469096
534633
10346
501867
370798
403567
239728
338041
403592
370824
534664
338059
469130
239757
534669
567439
567440
469137
403593
370827
567444
239762
370842
174238
534687
469152
305315
174247
436392
436394
305323
338091
436400
239793
75954
10420
338102
436407
141496
338105
501947
239803
469181
436413
305343
534716
501957
403657
10445
10449
207058
469203
239828
370900
436438
403675
10466
567523
370928
436468
239861
272632
534791
108819
338197
174357
305431
436504
272670
469279
403743
338218
239915
534827
502063
403761
108850
469301
305464
436539
174399
567616
338242
502084
174406
436551
534859
43340
436559
403798
567640
338281
403820
371054
338289
108914
239988
403830
108920
436603
469373
10624
502153
436619
305549
469389
567693
469392
403853
338325
338327
403863
76187
567708
534942
10655
174500
436649
534954
43435
207276
371117
240046
534959
502204
371134
403907
534980
534983
43464
371143
567754
502220
272846
403919
240080
371155
436693
403937
76264
469480
272876
436717
10733
403953
10743
371194
338428
305661
502275
305667
272901
10759
535050
535056
371222
305690
371226
502311
371243
371245
240175
109106
436791
371256
502327
43581
502347
43609
109145
469595
109148
502364
567898
338535
207463
207467
436848
240241
535156
436856
76409
338558
436865
502410
141965
502414
502419
567957
338581
469658
338592
240289
469667
469671
141994
240301
338607
404147
502459
207554
404163
371402
142034
535253
404183
10969
43739
404191
305887
142051
502508
43758
535284
436990
43776
109314
109319
535307
240405
535322
469803
174892
109357
76588
371506
43829
469824
502593
207686
502599
469832
11080
469834
43851
502604
568143
11091
568150
568155
469857
207715
469860
142187
371564
535418
207740
404349
502665
338826
502671
11159
535448
437145
469918
207775
338847
404388
502698
404395
371628
568238
338864
142262
404406
502715
437184
371651
404424
273352
502730
43979
437196
240590
338894
568276
11222
11229
535517
502752
437218
568290
240615
437231
371703
437240
568315
470028
240653
175116
437262
470032
207889
568337
502798
470029
502808
535579
470046
273443
371749
273445
404517
338986
502827
568367
240691
44083
371773
339007
11328
535617
76866
371782
240713
371786
76877
502862
371791
44112
306255
568398
109654
535643
535651
470117
44135
339051
306288
437370
404608
470145
339074
208003
208000
76937
44170
208011
371854
306320
437395
175251
273561
404635
404642
437412
175270
109738
208043
437426
273586
240820
44215
568508
404673
273602
142534
535750
502982
77003
339151
44240
109777
208082
535766
371927
535768
437467
142563
109798
11495
240873
503022
11508
208121
470267
568572
535804
535808
404738
404739
371973
77061
306439
437510
437514
535820
470288
437525
503068
503069
142622
175391
503074
568611
306467
273704
470313
437556
142646
339256
175418
568640
240967
568660
535898
142689
503137
568675
44388
109924
372070
503144
535917
568687
503153
175476
404854
372087
175480
306553
535933
437632
372097
306569
77195
175500
109973
470423
175513
339356
372130
503207
503210
110000
503219
11701
175541
339384
11707
404923
536001
372161
372163
404931
503235
536006
536008
437720
273887
241124
208357
241126
372198
306664
503274
568810
404972
77292
306671
77298
306677
175606
175608
208379
503292
142847
372227
470539
437774
11791
503318
44569
470553
11801
372252
437789
306718
175651
11812
372260
405032
339501
208433
568882
241206
437816
241211
110142
405057
372292
77383
437832
241238
110169
372316
142941
44637
470621
437859
274022
536168
503404
142958
306798
568947
503412
274039
77432
503418
110204
568961
470658
339597
568982
372390
274089
110250
536235
110258
175798
470711
339639
470714
437947
274108
175805
503482
503488
274116
405188
372430
175825
437970
339678
339681
470754
44774
405223
470766
306928
372466
77557
274170
77563
175867
536317
77569
208646
175878
274184
175883
44814
405264
536343
503575
339738
372514
339757
339759
241461
274233
405306
12098
307016
12107
307020
438091
77650
470871
12120
77662
503647
470885
307050
503663
77689
274298
44923
110459
470915
503683
339852
12181
339862
536474
44960
503715
438180
208805
569253
274356
372660
569273
470970
208834
405444
536517
372685
536535
143320
208868
143334
110567
143339
77806
503790
471023
274416
569333
372729
208894
503809
569347
372740
569349
307206
569356
536589
208910
503823
339985
405523
339987
110611
405527
77854
471073
569379
438314
438315
340015
77874
45108
372789
471095
471096
471097
372794
274496
340036
340038
536648
307272
45131
536654
77903
340047
12377
45146
438364
307299
340069
372844
405614
307316
45173
569464
176249
274559
405632
143490
503939
110724
536708
340103
372871
372874
340109
110735
45208
274585
438426
77979
405660
503963
340126
307352
143521
77989
110758
110761
307371
12459
12461
503983
438448
78000
569520
569526
110776
569530
241851
340155
471226
340157
405695
12475
504005
372938
569550
110800
209106
438485
12501
471256
504024
143578
569565
569567
438505
471278
569582
372976
340209
340222
536830
536833
536834
372996
45325
471312
405778
110873
274715
176414
373024
110881
471330
340259
471332
340272
471345
471350
569667
274758
274759
12614
569674
340305
12626
405843
373075
110934
110937
78169
176474
340321
569700
536938
340333
307567
45425
405882
504187
45437
307583
209279
569729
340354
110979
12678
373128
78221
110989
45459
373140
307603
110997
471450
111002
438692
438694
569767
242090
143789
373170
340412
537022
504257
537025
340419
471497
143820
537037
78286
209357
405972
504280
45535
471521
274916
504293
176612
209383
45543
405998
78320
406004
340472
569849
78339
373252
373251
45582
406030
569872
78359
143900
569887
242210
45603
373283
209449
373291
111152
340528
438841
504378
45628
78400
373333
406103
111194
176730
275037
504414
406119
569960
373356
143984
176758
340598
176763
537213
209533
176767
438912
438919
438926
373396
504470
340637
537246
570016
406182
570022
307881
406187
111281
537270
438968
471737
570045
406208
373440
242378
438989
111311
144084
537301
78554
340701
570077
209630
275168
111330
537316
242405
242404
471783
471785
78572
406253
45809
144115
537335
242426
504580
176901
471814
45828
373519
176912
406295
537369
471834
176923
570138
242472
78633
504621
439085
78640
176947
111416
209722
308027
504635
373574
78667
176978
209747
537427
439132
78695
439143
406377
471915
242544
406395
504702
439173
308103
439180
308110
471952
373653
504726
308119
275353
406426
340894
537506
242597
45994
275371
308139
439213
46009
209851
46013
340929
340930
439241
537553
275413
406489
13274
111583
373729
439278
46065
439288
373753
177148
46077
340993
144388
340998
242695
537611
504850
472089
308251
373789
439326
78880
373793
275488
537636
504868
308263
570409
373810
308277
341048
242744
504893
308292
439364
373830
439366
537668
209993
341075
504917
373846
275542
46168
504921
537687
144475
111707
537692
341087
472166
341094
439400
439398
570471
46189
111727
570483
504948
472181
406646
373881
341118
111746
341128
373898
242828
275604
406676
472216
406681
570522
13465
570528
373923
570538
79021
537774
373936
406708
439479
505028
570568
275658
537802
570574
341198
46298
570586
79069
439522
341230
79090
406772
308470
472312
341241
13568
111873
177413
537861
79111
374023
275723
210189
111889
374033
341272
472349
13605
439593
308522
439595
505133
537907
472375
472376
308541
505156
570693
472390
374087
111943
505162
79189
472415
46433
210275
13670
439658
144747
570736
374130
374133
275831
308600
374146
570755
341383
439692
406926
210322
505240
406938
570782
570788
439720
144817
570801
570810
210363
439738
406976
505286
472519
210374
538058
570826
13770
308686
538064
570834
439765
275932
439779
275939
472557
210416
112114
570866
243187
79355
308739
275980
407053
472595
439827
472598
46616
505385
538153
407083
538163
374333
341567
46656
570945
439875
570951
472648
407112
308812
374352
46674
177749
472662
276057
79453
472671
13920
13921
13922
341603
374372
439911
374376
243304
505455
505461
177786
538236
439940
505477
341645
308878
538259
571034
407196
276124
13986
439971
407202
276133
538281
472749
407214
177840
472755
210612
243382
407225
439995
46786
505538
538309
112327
308936
79559
210635
79572
374485
505562
407266
472803
79588
505573
308968
538349
440045
276208
145139
407286
210683
79613
505597
440062
177922
14083
46852
112395
79628
309005
505619
374551
538394
505629
145189
210726
177958
505638
210731
243500
571182
472881
341815
505658
440123
145212
472900
79689
46927
571215
472913
210769
571219
309087
14180
341871
341874
374649
472953
341886
341894
145295
571279
374677
538518
210844
210845
341917
47010
112553
407470
309168
14257
112562
374707
473014
473015
473018
538557
341950
571328
374723
341957
243657
341973
79831
473050
276444
538589
407520
145378
538595
440310
571384
309241
374782
145409
178178
145411
374791
276491
571405
210958
79887
473103
440340
374805
473109
145432
440346
440347
276507
342045
505885
473121
505890
342049
505899
342060
374832
14388
538686
505919
374848
178242
112706
342086
276554
505933
309341
14432
538721
79971
374886
276584
374890
211051
571498
14446
243823
571503
243825
538737
14453
145528
178299
505980
473214
342146
145538
309382
80011
440461
112783
571535
47249
342165
538775
276634
211098
243873
571553
211107
473250
538792
211116
440496
506037
243895
47290
440508
571584
374977
571585
538819
506052
145606
407751
374984
112841
374990
14543
440529
112849
80084
47316
506073
375001
80094
145645
14575
571644
571646
276735
407808
407809
243970
178436
571653
276750
309521
571671
342295
473370
14619
571678
80159
309539
538916
375078
178476
276781
375087
375096
375099
407868
14653
342335
473411
342342
80200
178504
145738
538963
14677
506198
473433
47451
342363
375133
14686
538976
145761
571746
375140
571750
407911
342377
506224
113009
276849
571768
473466
244096
440706
276870
145809
375185
14743
440729
80283
309660
473500
407967
571808
375201
375202
407970
14757
14759
407976
342441
14774
539067
178620
309695
276931
14791
571847
408008
539079
506315
47563
506311
309710
539087
539089
80339
309721
342490
571876
244206
211439
408048
408047
178674
342515
145912
211449
539129
539132
211458
506371
178692
47624
571920
571925
145945
47652
506416
571955
408116
440885
473651
244279
277048
178746
145978
244284
342591
277055
473673
211529
178763
47692
277070
473681
178770
408147
342618
506458
539226
178785
211557
506470
309862
375407
473712
47734
572022
572024
309881
14970
14969
178812
473720
47737
375426
473731
80519
572050
277141
15002
342682
473754
572069
506534
473765
15016
506540
539309
342702
80556
342709
408249
342718
342724
539340
506574
506576
506577
277200
506587
572125
211678
441054
15071
80609
441058
506595
408303
244465
375544
80634
244478
113412
408324
473866
572174
178958
506640
506641
277267
375573
572184
539419
342812
342814
539436
539439
473912
441147
473919
375621
47944
179019
211788
506701
473936
15185
539475
473942
179037
113504
244577
80739
211811
572260
506723
539498
441196
441203
179060
506740
408439
506748
506750
506751
277386
375691
211850
572301
179085
572303
408465
342933
506782
539557
244646
179112
441258
474026
572341
113590
572347
179134
572352
572353
179141
572358
572362
375755
15307
375765
146389
408542
408543
310240
343009
375782
375783
474095
179188
572408
375801
539640
146436
572426
375820
48141
441358
211983
343057
539673
539675
179229
539678
15392
179238
310310
408621
113721
572474
474170
310331
48199
375881
80974
441425
212063
506982
212074
81003
474224
15472
212082
441458
441462
48252
539775
441473
179331
146563
244870
474246
539784
15496
441483
146573
474253
539791
81042
277653
343193
572574
15518
408736
539808
507042
441504
474279
343211
81074
113845
113846
507067
146620
343229
572604
441535
572608
539851
244940
474315
343248
81105
572627
212181
113879
507101
474333
408799
441577
474347
408815
113905
277746
474356
81143
572665
474363
408830
48383
310532
146701
441614
310543
572689
146705
310546
376084
507154
539922
179479
48408
539937
310562
474402
539938
474410
474430
572734
474439
408906
277852
277857
474471
245096
114024
507249
212346
376187
408957
343425
81283
572804
507274
507276
408975
277907
15764
343445
245139
441751
441752
540057
572825
540059
114079
114080
474528
179618
572840
507312
507313
15794
376241
572859
343484
540093
507326
572861
15809
146887
376266
212429
540110
409042
376278
376279
310748
376284
572894
409052
507361
572899
572900
310757
507370
146926
179696
245235
81397
409078
409088
507397
572935
572937
146954
146961
343570
212501
376342
81431
343574
48664
540187
114204
507421
15906
212514
540196
146979
376358
278055
48680
114219
376365
474670
343599
15919
540210
343603
507444
572980
146997
343608
474680
48710
376393
507471
310865
310867
376405
573018
48731
540253
310878
507495
573033
474732
540270
409198
441969
310897
441972
343670
376443
409216
81544
16009
474762
310928
147092
409239
212633
442009
343706
114330
507547
376478
507550
409247
474786
179876
474788
573094
507557
442031
573105
147122
540342
507575
147132
212672
179906
212675
310978
442060
212690
507603
442069
474847
212704
212712
474862
573166
16113
409331
376564
114421
278260
179965
16125
409345
474881
573196
474906
442143
311076
114469
442150
16169
114474
81707
507690
48939
212780
48943
48944
376625
540476
16193
507714
540483
147270
278344
114504
114505
147276
114510
540495
343887
16209
245590
147290
376667
474970
48993
212838
81766
212840
212843
409451
81779
180086
507766
507769
278393
343934
311167
114561
212877
376718
409489
311190
409500
49053
81826
475042
49062
147369
442286
376751
475056
81841
376750
311228
442301
343999
180160
442311
49096
376776
507854
311254
81886
344038
376811
49133
507887
475120
376817
245746
114674
507893
344059
344065
507908
114703
540694
376856
540697
409628
278569
213034
245802
278570
573485
507951
475184
540723
409653
114749
147520
81988
81995
540750
311374
245846
82007
475223
573529
245853
147551
245857
409701
49254
508008
278636
376946
540789
344181
16513
147585
409732
540806
508041
376972
540820
213141
344214
114844
344222
147616
475304
442536
573611
540848
508087
49338
114879
311488
475330
16578
508101
213203
278742
344298
442614
278776
377080
344314
246012
246016
409856
475396
573704
278793
409867
573709
508174
540943
311568
540947
147735
16664
246044
573725
475423
409889
311589
442661
344364
442682
540987
573756
147775
573759
409921
246084
147782
246087
115018
541004
344397
82255
573778
278870
377177
246106
115033
475485
377183
573796
213349
49522
213366
16758
508281
541050
541053
246161
49554
213399
311709
344482
410023
442793
311726
278962
278963
541109
573877
147897
442811
213437
377282
573891
115156
180713
49643
377329
410097
573941
344566
115191
16890
377339
147975
573961
442894
475663
508440
377368
279071
213536
180768
148002
442915
279073
573993
180778
344621
442926
344624
574000
49716
410168
344633
344632
311868
377406
475710
213577
377421
541267
475732
508504
279129
442968
541274
213592
344672
475754
279147
410221
246382
115311
541293
574066
508531
115316
541301
246390
410231
541299
475769
410226
246396
279176
541324
311953
49810
311957
475798
574108
574110
508580
508582
410278
541353
443049
508592
311988
279222
443065
508606
574144
508612
344773
574152
574153
49866
410319
344795
443101
246494
508639
312038
213739
344816
377595
508672
246528
574211
377609
115475
312090
475944
82729
410409
574251
246573
82735
246575
443188
508731
344896
344897
115524
541510
344909
410447
475985
475990
115544
574299
344928
50018
541541
344942
181104
246641
410484
279415
148343
574332
541571
82822
312205
443278
377745
508822
279451
476060
115616
279457
476065
115619
410533
541606
443308
476080
443315
508855
574392
345020
410561
279490
345027
574402
50117
476103
508872
574411
377804
476109
279503
476111
574419
377814
476119
181208
443351
476127
115681
508899
410601
312299
345068
82929
443377
50161
410612
476151
148474
377850
115709
410627
214022
410632
476170
508938
377868
214036
312344
541721
377882
476190
148516
410670
476207
345137
214067
508985
443450
345152
377920
508996
83013
83014
148551
541773
345167
50256
410704
377946
148570
377949
541797
312430
410735
476279
148602
509054
377983
50304
246923
476300
246924
50322
345238
214174
476331
17582
115887
17587
574645
443575
246968
246971
443591
83149
83151
312536
476380
148706
214247
541944
410878
378111
476417
279809
574725
476431
345361
574739
83219
378137
378139
214300
148771
541991
541994
410924
17712
83252
345397
410934
83254
83257
345411
148807
410951
148810
443723
574796
17741
443727
50511
574805
509270
443735
443737
574810
312671
247136
410981
50535
181612
476525
279920
476530
312692
50553
411007
542079
574856
542090
214413
181649
17817
345497
411043
411044
116131
312744
476589
411063
542138
214460
476605
542147
214478
280018
542165
116182
148956
148957
17890
50658
574947
509415
214507
214523
542205
345598
116223
17921
542213
247301
378375
345608
17927
443916
181776
411160
542234
17954
542248
575018
312877
116270
411182
411184
116286
17985
345667
411208
17997
411215
575060
345685
18006
116316
378461
280157
181859
476773
83566
509551
312946
411253
542325
476791
378491
476796
280189
247422
50817
542338
116356
18058
444043
50827
345742
542350
509588
509589
509590
149143
116377
411303
313015
181953
149185
345797
542407
575179
411343
181975
575198
575199
313057
411362
247525
181990
345831
542442
378605
149230
378614
378618
247547
509695
280320
378628
149253
575243
182027
378636
509719
149280
575273
313131
345899
50988
444206
444207
509750
345914
476993
509764
214852
509766
378700
542541
378701
477010
345941
378710
345944
378712
116570
411485
345951
477029
444263
51052
411501
509811
575351
509815
575356
575357
509822
411517
345988
477061
280454
575367
149381
378765
214926
83858
214932
83862
51095
346006
509855
542625
149410
411554
280484
378790
411559
542634
575403
116650
575406
542640
542642
51124
444340
182201
477135
378832
477137
378831
346067
575441
444373
51156
346071
18395
378846
182240
378848
477154
346083
346084
477156
444390
411624
51178
378859
18412
575469
215023
444399
313334
346107
182275
411665
83986
280599
346138
313372
542751
84002
116771
346154
280619
182316
346158
18482
149555
247858
575544
542777
149566
18495
51270
542792
149577
510034
542803
542804
51289
542814
215135
149598
116832
182367
18529
280674
182366
477288
575595
18542
149616
182385
313459
575624
51339
411792
84114
346259
444565
346262
510103
575643
116892
51359
84128
215201
346274
510117
444583
411821
18605
313526
84155
84165
379077
510150
346309
411849
510154
477389
411857
411866
379101
346334
542946
411875
18658
182505
84211
575733
477434
477435
477441
149763
346377
444682
575755
510220
280847
215315
444692
379156
248091
477468
411937
280866
477474
84259
510246
117031
411943
51500
117037
149810
444722
411958
543041
543043
248132
149835
215374
510293
280918
346456
379226
117089
215394
51555
444770
215405
313709
412019
280951
313720
444794
379259
51583
510340
215436
510349
379279
346517
575896
182683
444828
510365
575902
149918
477598
248227
248229
215469
51630
510383
149938
575923
346547
281014
477623
215480
510402
477634
444869
346566
281032
543182
444879
510418
575957
313820
444893
84448
575970
215523
18917
182758
477671
117222
379376
543224
346617
18938
444926
150017
477700
84489
576012
412172
444941
281103
346638
444945
379405
84495
150037
576026
215581
412190
543264
412195
248360
379434
215600
576052
444982
19002
379453
182849
543300
19013
150088
84558
412240
576080
576084
412247
346712
477785
510564
51829
182903
445048
576122
84603
412286
313983
84609
510596
281220
477828
477831
576136
477836
510606
84625
477846
19096
543391
346788
346795
182960
248496
412338
182968
576187
84670
379584
215746
150211
412355
281285
576200
19146
412364
19151
477906
182995
510676
182997
445143
379607
412377
576219
510684
215776
477920
445156
543468
314092
51949
510701
346865
248564
117494
346875
477949
510719
543490
445187
84757
84758
248604
445214
183071
510755
543525
19238
281382
576307
84801
52037
248645
117578
346954
183123
445276
412516
445295
510842
52096
478080
183171
117636
117637
379781
412551
510857
510861
576398
84881
314257
412563
576412
183197
183199
347042
117668
347048
445355
543660
215982
543665
19380
478132
412599
543672
445371
412604
379837
52155
510914
379845
478155
347087
445392
543696
281557
117722
281562
84956
576483
216036
347111
379891
543734
347135
445439
281602
478212
412676
52238
412687
478225
412690
412693
576539
445468
183330
150562
85031
511031
543803
576573
576576
347210
445515
445517
412757
248918
478298
543836
543838
412767
216160
281700
52324
281701
478314
412781
281713
150641
347253
347254
478328
576634
52347
117891
85131
150669
412813
52382
412830
85151
281759
216226
511143
478375
52394
117931
511148
511153
478386
380084
380086
576695
511160
511165
216254
314561
478406
478407
445638
380106
380109
412878
183504
347346
117973
412887
150746
347354
445658
576733
445662
117991
347367
347377
412914
445695
544001
85252
118022
576774
52498
511251
314647
85272
478490
150821
478505
183594
19755
19753
183603
576827
281917
511294
576831
445766
544071
445768
413001
183626
445774
314710
380248
478553
314714
249180
314725
281959
478575
478577
511349
445814
445815
347511
544121
576886
314751
52611
511363
576902
150919
150920
347529
249226
52619
380300
511379
52628
183701
85400
216480
314787
249259
511403
576941
347568
282039
478652
413120
413128
445900
183756
445906
150996
52693
576981
544215
413146
544220
511454
314849
249315
380388
380395
19955
544246
249336
413182
314879
347648
478721
183811
511495
380425
577036
151054
544279
577052
118306
52773
544294
380459
478766
347697
347700
577077
151101
20030
577091
314949
347724
52818
577107
511572
413275
249435
511583
216676
478821
446053
577128
216685
413295
544373
151159
85624
577146
577149
151170
511620
478862
347794
183957
577176
544410
413339
183970
216739
544421
52901
282283
347819
413358
511662
315057
511665
282296
544449
577223
577225
118480
118485
380632
380634
413404
52957
544485
413414
20202
282351
446199
478967
511739
52992
544516
413446
216840
53004
577301
347925
380693
347928
20247
380698
151327
315168
184101
577320
577321
511786
53037
282419
577333
151352
413497
511802
511803
544574
577355
347982
413522
544597
184157
544607
315232
446307
413539
348012
282485
315256
577403
184190
479103
544644
315269
151434
348045
85902
446351
479120
118673
348047
446352
184215
380827
479134
53157
380854
53176
413626
544703
53184
118726
446409
151499
544719
577488
20436
217045
282583
479195
380892
446436
184300
413676
85998
479213
577522
315383
413689
446459
380924
446460
511998
479234
577539
413702
413709
151567
380951
217113
380957
413734
413736
544811
577584
249905
380979
544825
446522
413754
217154
315462
53328
184401
479314
544850
249941
577623
217186
479331
20583
86121
446574
118895
282738
184435
512118
381047
315517
413822
348290
217224
446603
479372
118925
217229
20632
282790
413868
315568
413874
544956
512190
118976
86217
348364
118989
577744
86226
118997
184536
20702
512223
151783
413927
184557
545007
20727
577787
119036
413948
512254
315647
577796
282889
184589
577807
282899
86292
446743
348447
381217
577835
512302
414002
348469
151864
414010
348475
381244
217407
545088
446783
184642
282943
479556
381254
86344
20809
512330
348488
545101
184654
512337
53589
446807
20825
577884
119139
53604
348519
53608
479593
282987
479596
348528
414067
414068
217463
184697
250241
184705
151945
86412
250261
512411
414109
446880
250284
512431
348595
381368
283070
86468
381384
512458
414161
545235
119263
348639
578016
545249
545250
578020
152038
479720
348648
479721
53740
545260
250352
152048
545268
217591
414201
446971
348669
119294
545278
119304
283144
53778
479762
578072
545305
414236
381470
86560
283170
348708
315944
512554
381482
578093
86573
578099
578107
578108
447038
381509
545351
119370
348751
545363
545364
381544
447084
479855
512625
479858
348785
578169
348793
447099
348795
119418
545411
447108
414340
53893
512648
86668
21138
250518
119449
348825
447135
21151
381599
250533
479912
217769
348850
53939
217779
348854
479929
152253
283329
479938
119495
479944
381642
447179
348877
152273
512722
283350
53975
21206
447194
447200
86754
53989
250607
381682
217846
381699
348931
86790
480012
86797
381709
316181
414487
480026
119579
578330
545564
283426
480036
348966
283431
578344
578362
119614
348991
480064
480065
152389
217928
21320
185166
349006
316238
250706
250708
283476
480088
381786
250720
21345
21353
250735
152431
185209
480121
578427
86908
512892
480122
217978
349059
86916
86922
414603
185232
512923
185247
480161
152483
54182
512938
381870
512948
414647
512951
414651
185276
578493
578498
545731
250827
218060
185293
480205
185296
480210
545749
21462
578519
414679
414680
381914
185302
512989
414686
283615
119776
250848
283618
480223
447457
185313
480243
316404
152566
54262
381944
578553
119805
218114
578567
218121
21514
545804
414736
250897
381971
349203
54295
21528
414747
316447
381985
545826
447524
414764
283697
87091
382012
316477
119870
447548
250949
513098
545867
447569
54354
87123
349268
87126
480345
578651
578655
316514
87141
185448
513129
480368
152689
119923
21622
349302
480376
447611
218237
54399
414850
545924
414857
349321
349324
578703
152724
480407
545944
119961
513181
480415
349344
414882
382115
414884
316578
545958
316583
316585
152746
119979
185530
283835
513214
414912
447684
251084
21711
513241
546011
120032
185577
185579
513260
513266
152819
349430
185591
447736
152823
251132
120061
578813
349437
218368
513280
382210
513283
54541
513298
349459
447765
578843
349469
546078
578849
152871
415015
87338
218424
578875
546114
152898
218446
546126
382287
120145
480594
480593
316755
349525
447830
480599
447834
283996
447842
185700
415077
87399
284008
87403
382315
316781
382318
284014
87409
284020
120181
546171
382333
251264
480644
316807
382345
513417
284043
447885
578958
54671
480657
382356
578964
349590
578967
480664
316826
251292
251293
54692
120230
546222
480687
513456
185777
54706
349621
21942
447927
546232
284088
546245
480712
513482
513484
447948
218574
87504
316882
382418
120276
546261
480726
54743
513497
415194
382435
513507
480741
54758
251366
480745
546283
546285
349678
284144
579057
447985
579060
415222
546296
284153
546298
546301
415232
579081
316937
349709
448013
251405
579095
218649
251418
22041
513567
22048
415265
448034
153123
415269
87598
513585
153142
513600
120385
382533
480842
153162
448076
87629
382542
120399
448078
349777
513618
349776
579156
54869
480851
185945
480861
382558
349794
87653
415334
415335
480876
251503
448114
284274
54899
382582
579192
22142
54912
579201
54918
349837
349846
579224
513688
513690
87705
448161
251557
513704
546473
349868
54959
186034
22195
349875
415413
251576
579258
513724
317120
546500
251589
415434
579277
382670
382671
513744
22229
349912
349914
55002
546524
284383
480991
317153
22240
579307
349932
22256
513778
186103
153340
382717
22274
218886
382728
349960
55053
382734
382743
415530
284464
350000
415536
251696
448308
350009
546622
546626
22341
382789
218956
415570
218964
546649
513881
284510
481120
350051
415589
218982
186218
513900
579437
546674
415604
579447
350075
579453
546687
382850
415619
350084
22409
22411
120717
513933
22415
481172
513944
448410
481178
186268
546721
186275
22440
350122
284594
513971
382905
22462
546762
579534
22478
284623
317391
415710
514018
579560
546792
579561
448503
382969
350206
481281
120846
284686
448529
88082
448530
579602
382999
186412
350254
383026
383033
88123
219196
383039
153674
55373
317521
579667
448599
55389
415840
350309
350313
415849
514156
88173
415856
579696
219250
186483
219254
481398
219264
514180
579725
546959
284818
546962
481428
546965
55447
350361
514204
546980
55468
579757
514222
415918
22704
350386
383157
55478
448696
481465
448698
448702
448703
579781
514248
415949
579798
121046
579802
22747
55517
88286
252127
121056
22755
514280
383210
186605
22767
514293
153845
547066
121088
448771
547089
448786
219413
186646
350488
579865
153882
448795
547100
481565
547102
416026
547099
284964
317732
350506
514346
416049
383282
88376
317756
481598
284993
22850
448837
22857
448843
55630
448849
547156
579925
317781
22870
153946
55642
285019
383322
285022
88414
448861
219489
514402
481634
448868
383341
285042
153976
350592
153985
579970
121219
186753
350597
121226
350607
121232
121235
547221
383386
448923
154011
383389
383406
252340
154037
416184
580026
481723
88514
448964
55753
285131
22987
154068
383445
219606
350679
383448
481753
186856
23017
88552
547307
55788
350701
88560
350706
580084
186883
252420
350727
514567
449031
186888
350737
547348
88603
88608
219687
252457
88621
383533
514607
580149
318006
481847
547383
416326
121414
55882
350794
121420
219723
23117
416335
481874
416345
121441
514668
449132
547439
219760
547440
514676
186997
23158
383606
88697
547450
416385
514690
219778
23176
481928
580234
23177
547475
416405
318108
23203
383652
55973
154279
449191
383658
416426
449197
547502
350897
416434
481971
416440
580284
481981
383678
23230
416451
252611
318162
121555
318164
416468
416484
482021
219880
449259
350960
23294
449279
547583
482062
154382
482064
318225
547601
252699
252702
482079
383780
285477
383786
318251
154414
416559
482100
285493
416565
449338
547644
547645
416575
23361
252745
482122
187213
416589
351057
482134
547672
449379
449392
187253
318328
285562
449402
56187
449406
252801
449414
252807
154507
383885
416668
351133
56226
514979
416684
514990
416690
121779
121778
154547
56250
449467
515006
121792
252868
580549
580562
187351
547807
449504
416741
416745
547817
187371
56303
515065
252925
547839
580608
23551
318467
482310
89099
318475
547858
121875
416787
580629
252952
482330
154650
351262
23588
23594
56364
547886
482350
187442
220218
482362
187451
318529
351298
121938
515158
580695
482392
449634
515176
416875
384111
187509
89207
351351
121977
547962
449660
285821
285826
515206
482439
56456
384136
154770
580757
515226
416924
449693
580766
449701
482470
416936
384176
23731
580790
482487
23735
285893
187592
384204
384207
482514
220372
548053
384213
384215
515289
482525
580829
482526
449758
56550
515303
449768
351463
122093
253170
122099
351477
154869
23803
384258
548118
89369
482585
253212
548126
482590
220449
154916
253221
548141
482605
220463
220464
56634
449852
417085
515390
253247
449856
318785
286019
449859
580931
384328
548174
384335
286033
253266
187732
580951
56664
417111
515415
318811
56667
318813
384350
515422
449889
220518
351591
89446
515430
515434
482667
548201
286061
580975
384375
286081
351621
417159
187784
384401
482707
122259
155029
220571
155035
482719
155040
23976
417193
581038
548273
155058
548275
351667
23988
220601
286137
286141
449981
548288
417219
253382
515531
253388
449996
56784
450004
482774
384476
187869
155102
155108
351719
581097
581100
482798
384496
417265
482802
122355
253424
384503
482808
253435
56828
515585
384513
515590
450055
384523
318990
384527
548377
482841
450075
253470
253477
548393
351793
581180
548420
155205
384587
319057
155221
319062
24157
581218
515684
155253
450169
351868
319104
24193
581249
351875
515716
581253
56960
253578
384651
24204
286348
515727
351888
548498
319126
482967
482974
351903
188062
220835
319142
515755
417455
450223
417458
286388
24247
417465
351930
24253
417469
89792
351938
417478
384718
319197
351966
24294
581351
24299
155376
483078
352007
450317
483089
286482
581396
319256
581402
352027
253729
483108
515876
581419
515885
515893
417590
384823
89912
286521
515895
450364
352061
319295
417607
515911
417608
483146
483149
384848
352080
89943
450391
253785
57178
286554
188252
352093
450399
548703
450404
548713
581486
57199
155505
548722
221042
253810
417653
352118
515962
155519
483199
24454
384907
352143
417679
352151
352155
450464
221089
450478
450479
319406
483249
450483
581557
581566
417727
286656
188352
253890
319427
319430
384967
483272
516043
483275
581601
221156
483304
352233
483311
548848
450551
90106
483328
581632
253955
286724
581637
352264
90122
417804
548879
450577
385042
57363
417814
516119
90140
548893
483358
319522
483363
221222
188457
385075
581683
417844
417846
254007
548921
286778
155707
122937
483389
548935
483401
516176
516178
516186
417885
581726
188511
385119
483425
286816
581732
581736
90216
319594
188534
516214
352377
385146
319612
385150
123008
90255
549011
581781
385174
221335
417946
352410
57503
352418
417957
450728
385196
90290
549048
254139
319688
450761
483530
450762
483531
286925
221400
516313
516316
155869
352476
385248
352481
581863
221416
254197
352507
581887
418062
24847
549136
254225
450832
516372
385305
352538
254237
483620
352549
450856
581929
352552
123180
24877
516404
516408
254266
385339
516414
549182
352584
188747
24915
549209
24922
221536
549224
549230
549231
549237
516470
319865
450940
418172
156029
549256
352652
188818
385428
483757
418226
188850
549300
188854
483767
516541
221633
287173
90569
549328
57810
90582
483803
483806
451046
57839
352755
516596
549366
287228
483837
57859
385540
57866
25100
549390
516624
451090
549399
352794
549404
516636
451102
549409
549413
188965
352814
385586
549427
188987
352835
287302
451150
483923
385625
221794
385641
549488
320117
189045
516732
451202
483971
221829
418440
385675
57995
549518
287374
123539
156308
25237
516766
123552
156326
418471
352936
418479
58041
484026
221881
123580
451263
90820
221894
549575
451274
90827
254670
385744
385749
516827
320222
549599
484069
418533
58089
156396
484080
58105
254714
123646
418563
385796
516871
90888
451337
418569
90891
254732
451341
549649
484123
516895
90912
25377
320292
418596
549674
451375
385842
385844
451381
222016
353096
123721
25423
385873
90962
549718
549725
189278
287585
254821
222056
90985
90989
549746
123764
156533
58232
451449
189306
25470
385921
484225
58245
418700
418701
189330
549780
517018
222113
418722
451493
517029
517032
222122
385962
25516
320428
189361
156594
484281
549817
222146
451535
156624
418770
353237
517081
320480
484321
58338
451561
484332
386029
222191
418799
58351
287735
418808
549882
549885
549887
549898
123916
451598
353302
255006
418847
353311
353317
353320
25643
320563
58429
123967
418882
156739
484425
222283
549965
287841
386146
386154
517226
25708
222317
418927
517232
58483
353408
451714
550021
320649
550030
386193
386194
255123
320660
156824
91288
353435
386210
287907
25765
353446
550055
418989
517294
550063
386224
91318
419001
222394
419008
484547
255176
419017
419026
550099
451798
320731
517349
419052
550126
353518
451825
156915
287988
386295
255226
287998
288002
419074
91397
517386
517395
91411
353558
419096
288025
222489
517403
353562
25885
451872
156963
124202
419116
419117
517425
517430
451896
91465
517454
124240
91474
58708
484695
25955
91492
419173
189798
255335
320875
222572
189805
386414
484723
386419
353658
484734
288131
386436
484751
517521
484754
451987
419223
484761
419228
353695
255392
26027
58796
353711
550322
386483
320946
484790
320957
517570
419273
517579
157133
58831
517586
189912
517596
222686
419296
353761
517600
517603
386532
550372
26086
452078
157170
321011
157176
255480
419324
157181
550400
386564
157190
91656
550410
353807
157204
386581
419350
157206
517656
550423
550426
386589
321057
419364
353830
189993
419371
91697
419378
419379
190002
517685
517690
26171
124477
321089
517699
91716
386632
419406
452179
157270
452187
353889
386661
353899
157295
419439
288372
353909
353912
386684
222858
321163
255631
124562
288403
419489
517793
255649
124580
452263
353964
550576
485044
353977
124606
550597
222921
386764
124622
26321
157397
550617
91869
59108
517861
419558
485097
124652
222961
26356
452341
517879
222970
26363
485123
59151
419604
419610
550690
485160
485161
517931
517936
354098
550707
452404
550713
255804
124734
485185
517958
419656
550729
124747
354126
452441
550746
386908
124764
91998
550759
321385
255849
452461
223086
124786
485237
518006
354174
550784
321410
518025
59282
518052
157604
485288
157610
26538
354229
59318
59319
255937
518081
518083
255941
255950
550870
550872
190426
550875
518109
518110
223203
354278
419815
59367
452585
354282
518122
124914
59384
59385
157693
387075
26630
452619
518156
26645
92181
288794
419867
321567
518180
321577
452652
92206
387121
223283
518197
518198
354359
321592
124985
288825
518203
59454
452674
452676
518215
190537
354381
288846
387150
125009
59476
125015
551001
157792
256097
321633
485473
518245
551015
354409
288874
26733
485485
518255
190573
485489
190580
190581
518265
59515
485499
92288
190595
419974
223369
551050
321674
26762
92301
419980
518287
59540
452761
26780
485532
92319
452767
157860
452772
387244
321709
288943
452783
518324
92346
420028
256189
256190
518335
92366
551125
256214
452824
518361
485595
59611
518365
518363
354527
157920
59618
452836
354533
157926
256229
354532
551148
485613
354546
551154
157940
223474
452859
551166
354559
551170
551172
452872
354570
485654
387355
125213
256285
387365
190764
125230
354606
518455
485687
387383
387388
387393
452931
223560
387401
26958
387408
223573
223580
289120
387431
420200
387434
551279
125298
551285
190845
158077
256385
354692
420230
420237
485773
190863
256400
158099
453016
158107
92575
453026
256419
354724
420276
354744
190905
518592
125377
223682
289223
518604
158160
453093
551403
223726
354799
387576
289276
158207
59906
485890
59910
485894
518664
322057
322059
354829
27149
354832
453138
256539
485916
191005
354846
256540
551459
453167
354868
256565
27190
191031
92729
518716
125503
518719
518721
158279
289352
256589
223830
223831
59997
387696
518773
158326
420472
223870
92801
27267
322180
551559
354955
256659
60054
518807
256664
256662
420506
486040
551575
453283
551602
191156
223932
420544
92868
453317
223950
453328
453330
60117
256731
158428
191197
355040
486112
518883
453354
60140
420589
551665
518901
387833
453369
125690
420606
551685
256775
125707
551692
453390
486159
453397
158486
486172
191262
158494
191264
551713
387875
256809
486193
191283
355124
486203
420673
387909
191310
420692
256855
125785
256859
453472
551780
420710
486247
158569
322411
224108
256877
256879
519027
224118
551815
420747
519053
453520
289682
551829
551832
256921
224155
355231
388009
388014
191408
27569
388020
551861
519094
256951
420791
453557
27578
355270
519112
551889
158680
27610
27616
519136
486369
551906
125928
322536
519146
486383
191473
257013
322553
486397
158718
27646
420864
224260
257029
355344
453649
551952
257044
519205
551974
125998
93232
93246
27711
420929
158786
453704
93258
191568
552018
93267
486484
27739
552031
355424
126047
322659
486501
289894
158831
93297
93298
289915
453757
388225
519299
453765
486536
552073
552074
257169
421009
93332
552093
421029
519338
453802
486573
552110
322735
191666
60596
27829
60599
126141
519359
453824
519361
421059
486595
191691
486606
355534
421072
486609
388303
224468
421077
158933
388312
27874
388322
486628
486630
191729
486644
158964
552199
453906
388374
421144
552221
290081
322852
519460
552235
519471
355632
519479
257336
388410
257345
552273
322897
453981
355678
290144
388457
28010
28012
126317
93553
290163
486774
290174
322945
28039
290192
454039
290201
355740
93601
486825
93612
355756
519598
388527
486834
421307
519611
224699
486846
519616
28099
60873
519635
323028
323030
388569
290265
421346
93667
191972
290285
454129
60915
519673
552446
454143
454144
552453
519691
388619
454162
355860
126486
257558
421400
60953
519703
421401
93724
519716
323115
388658
93748
60986
323133
421437
93764
486983
159309
519764
28257
454246
159338
290412
224878
421488
388721
323186
454258
552565
290422
552569
421499
126590
454271
421502
487038
355971
487050
93838
126607
323230
388766
159392
552610
159398
224938
126638
257712
454329
323264
192196
93894
421578
290511
126674
257751
487131
356060
159456
519911
126699
454382
388846
487151
487153
454388
487159
356097
519939
290566
388880
388881
421656
388894
225055
388902
225071
421681
323379
552755
257853
225087
356159
421703
552776
454477
159567
388945
356181
487256
323418
192348
126815
454495
388961
520039
126825
520043
290668
552813
520049
421745
552819
323448
552824
388988
421757
487295
290690
552837
520072
356236
520087
356248
520091
257955
356263
28589
61358
520109
257971
487349
61375
290753
94145
159684
257988
454601
356298
421840
290768
61399
159704
389081
520154
487385
454619
552919
454623
552927
421865
126958
454642
159731
421876
520181
192502
159738
323583
356351
520195
389128
389129
356369
28690
454680
454683
127007
290849
520232
487466
520237
356400
225330
389171
421944
454712
127035
290875
323646
389183
421952
225345
61506
421955
454731
94293
389206
61527
421976
454745
421978
553051
454750
454751
28766
28782
421999
487534
553075
323705
61564
520326
553097
389258
356496
323728
127122
454832
192702
356544
520385
389315
389316
454854
323789
192720
356569
192730
28889
258265
553184
422115
225508
323812
520422
454887
159974
356586
192747
94444
520434
323829
389381
553224
487688
422152
520471
520472
291107
94499
356648
389418
225579
454956
28976
520501
520503
192824
192827
127301
454982
127304
61773
389453
291149
454996
61780
192852
389463
389464
553306
487774
389477
160102
520551
127339
422253
29041
520561
356725
553336
389498
356733
455040
225667
455044
291206
291207
422280
422295
422296
127388
422301
487837
29085
192927
553378
455085
29104
422326
553407
258495
94663
389577
356810
94667
520655
291290
356827
455132
356828
127454
61918
225755
520674
553443
160229
422375
29161
520683
258544
291321
29182
356868
127495
160264
487948
61966
291348
455198
422432
520736
127522
225828
553511
127535
160307
389684
127540
487994
356923
520764
29253
127558
94791
389702
553547
62029
258642
62038
94807
389721
488030
389731
553576
520810
520812
258671
29299
553588
94837
488066
324228
29324
258705
389788
94877
520866
94884
258725
455333
291499
127660
455340
29356
291503
422576
160433
357044
160447
29377
553668
291526
62151
94925
291538
488149
94936
258788
193254
357095
455405
553709
520941
324338
357113
357117
29438
258815
127744
553735
226055
488201
520979
422677
455448
29466
520986
29473
520996
258854
488232
160560
324401
488240
488243
521008
127809
127810
553795
389957
488270
258894
553808
389969
455506
62292
357208
127834
324443
160602
62301
226145
389986
357219
160615
488295
324455
193384
324456
357229
521071
127855
62329
553850
422779
422783
455557
95111
160648
160660
422804
357272
29600
455588
521125
553894
127911
422828
455597
521133
226224
127921
488368
95155
422836
488373
488374
62392
553912
291770
455615
488385
488388
193476
160712
95178
29643
291788
390093
390094
193488
357331
259029
488406
62427
29671
488432
226294
62455
553976
553981
422910
553984
521218
226308
553990
357385
95241
357386
553998
521231
29712
95251
324635
29724
259104
521250
455716
554021
259113
160810
324663
291897
193594
226363
193599
521282
62531
422982
390215
521288
488522
160852
521301
95320
455769
193629
29801
488564
554106
521339
423036
488573
521348
488583
357512
521357
160910
390288
95383
324764
226461
488605
226460
95390
554145
160930
554142
259242
193709
259248
160952
292030
357567
455874
160967
160968
390348
357583
259284
193759
357601
488686
161006
357620
488693
259316
161013
324857
521472
521473
390401
324870
161031
423189
62743
29984
488736
259366
390439
455974
423215
226611
292152
62778
423231
95554
456003
521542
324943
456015
226648
324953
554333
128351
193889
456033
193892
554340
30054
357733
554346
456042
488812
456045
357748
128387
521605
226695
193947
423336
357805
488880
357810
521657
226747
357824
30149
521678
292302
325073
30163
292312
161242
423389
488932
357865
30187
357870
488943
423410
456184
95737
30205
194056
456201
357898
62985
357903
521752
456217
554523
390684
423455
488997
554534
521769
194089
456245
390710
325173
357944
161337
357943
423481
390718
325184
554564
357957
489029
521806
489046
30299
128607
423519
554598
390759
521838
554607
292464
456309
390773
423541
292478
259712
554630
128647
358024
390797
226961
521874
521879
521881
128670
423588
521894
390826
259760
30387
456377
489145
358075
325310
161470
95948
95950
325332
554711
30423
521947
161499
128736
521953
227044
456422
358120
554731
161518
30449
521995
456462
358171
161567
292639
456483
423715
522021
489257
63275
489266
292662
227127
423749
456521
96073
390996
391000
325471
423776
391011
30569
391018
63345
456563
391029
63353
358265
522108
423804
489346
30595
423810
391046
456584
489358
423826
358296
96154
96157
423837
489374
96161
456611
358312
391084
128943
391088
489391
522163
96185
260033
292804
554949
358342
489415
522185
456653
292818
63446
554978
391139
554980
456678
129006
423919
358384
554994
391158
489470
358399
96257
423938
227329
555012
555013
522252
555023
325648
358427
391199
325665
260134
555048
489514
292907
129067
391213
391214
129071
161840
456755
456756
489524
194616
358457
194620
292931
260167
522315
194643
30803
227418
555101
358494
391269
292973
194671
555120
292977
194676
489588
292982
391285
522360
292993
489605
489606
555143
227484
96414
456865
325799
227498
489645
325809
260276
63668
456884
161973
358584
194744
260285
522430
424138
391371
96463
522452
63703
489687
424157
424160
424161
162021
555237
358629
227577
358650
30973
424192
96517
358664
489739
391436
325907
391446
31000
129305
489762
227621
227638
457016
522554
358717
555339
63828
489815
391512
555355
555356
260445
457054
522611
162164
489850
358781
457085
162178
293252
489861
457097
194956
96653
96654
555405
555412
63893
293276
96679
358825
293289
457131
31151
31161
162237
489920
63950
293328
555472
457169
522708
391648
391652
555493
63974
358884
522727
391656
326124
195062
457207
391674
162300
424445
96765
358915
293385
457226
391689
358923
424464
522771
424472
129563
96800
129571
31269
457254
490022
457261
457274
260679
555597
424528
195155
227935
424545
424551
555625
424554
129648
260721
490099
260733
391810
490118
490125
522897
555668
391829
424601
293532
64157
555677
391842
228004
457381
555687
326313
64170
359086
129719
555705
228043
424658
490199
96984
424665
260823
359131
424668
359135
555748
129771
359148
522990
326390
424694
391926
555778
457477
555782
228105
359180
326414
555794
260883
457492
391956
391971
555811
228133
195368
391976
490284
326445
31540
260917
490294
64309
424760
64317
359239
424776
97099
326475
392015
490320
555857
293716
260951
523096
195420
523100
64350
457566
64348
490337
129894
129897
162675
555894
260982
64377
392058
162682
555900
359290
228222
457599
523137
555906
293763
97156
457616
228256
555940
457638
64423
326570
523183
326583
261050
359354
359356
31678
359363
555972
523211
129995
457684
162773
457687
392154
424927
64481
326628
97255
490471
359399
457708
392174
162801
523252
31733
31734
490491
195579
359420
162828
424975
195600
359439
130070
228376
261144
424984
359451
556060
457754
228382
392228
457776
359479
556088
556089
523322
97339
425027
392260
130118
162892
425037
293966
261202
457822
523358
523360
31838
425063
425072
359537
261240
130171
556157
523390
392319
195712
97411
195721
31882
359565
523405
490639
359569
359574
556183
490647
261271
457889
556205
556207
457904
425137
195761
261298
162993
31923
130226
326837
64697
294080
490689
425153
294083
64708
556230
490695
392392
130252
490702
556240
490708
97492
294104
425179
457948
261342
490720
195812
64751
523505
490739
359676
490749
556306
163091
392476
163104
359715
523560
490794
195886
425263
195889
64818
523571
425269
523577
458042
130362
556349
64836
294214
359751
556360
32074
425292
97613
392526
392537
359775
458079
359778
228708
32105
490860
195952
32115
228727
163192
195969
458119
523660
523664
359825
97682
425369
490908
523677
392606
523681
163239
130473
458156
359855
490927
458166
32183
458168
64953
64954
458172
556478
359872
458177
392642
294353
392664
327132
392670
523749
163302
425447
523754
392687
490992
458228
359925
490998
130553
523772
425470
163326
491008
359937
196096
425475
523782
458255
327183
491029
425497
294426
32286
294431
523811
228910
228915
556597
491061
556608
556617
458313
425548
425550
97871
425555
360020
458328
97890
556647
491111
556648
425576
523890
392818
491131
360064
360066
97924
65162
392850
556694
327324
97951
327328
556703
392869
65191
523955
65209
32442
523964
360132
425672
327368
392905
229067
523985
556758
556763
294620
360157
98013
523995
392928
229088
360165
392933
524011
491250
360178
360179
261879
130807
196346
32510
425727
556801
294659
392974
458510
392985
196377
196378
425758
327455
32544
491294
392991
130851
524063
261931
196406
294712
524088
556862
130880
229184
360262
130886
491336
360263
556873
32587
458572
130892
32598
294751
163682
556901
491366
98159
98162
294775
425848
196473
262012
327549
327550
360318
458625
458631
360329
458642
360342
65430
458649
524186
360350
98210
524202
98220
360367
65457
163764
556980
32704
294849
32711
131018
32720
458705
491481
458721
32739
229350
229352
393195
98284
458738
491508
163829
98298